  0   1   3   5   7   8  10  12  14  15  18  19  21  23  25  27  28  30  32  34  36  38  39  41  43  45  46  48  50  52  54  56  57  59  61  63  65  66  68  70  72  74  76  77  79  81  83  85  86  88
  3   5   6   8  10  12  13  15  17  19  21  23  24  26  28  30  32  33  35  37  39  41  43  44  46  48  50  51  53  55  57  59  61  62  64  66  68  70  71  73  75  77  79  81  82  84  86  88  90  91
  6   8  10  11  13  15  17  18  20  22  24  26  28  29  31  33  35  37  38  40  42  44  46  48  49  51  53  55  56  58  60  62  64  66  67  69  71  73  75  76  79  80  82  84  86  87  89  91  93  95
  9  11  13  15  16  18  20  22  23  25  27  29  31  33  34  36  38  40  42  43  45  47  49  51  53  54  56  58  60  61  64  65  67  69  71  72  74  76  78  80  82  84  85  87  89  91  92  94  96  98
 12  14  16  18  20  21  23  25  27  28  30  32  34  36  38  39  41  43  45  47  49  50  52  54  56  58  59  61  63  65  67  69  70  72  74  76  78  79  81  83  85  87  89  90  92  94  96  98  99 101
 16  17  19  21  23  25  26  28  30  32  34  35  37  39  41  43  44  46  48  50  52  54  55  57  59  61  63  64  66  68  70  72  74  75  77  79  81  83  84  86  88  90  92  94  95  97  99 101 103 104
 19  21  22  24  26  28  30  31  33  35  37  39  40  42  44  46  48  49  51  53  55  57  59  60  62  64  66  68  69  71  73  75  77  79  80  82  84  86  88  89  91  93  95  97  99 100 102 104 106 108
 22  24  26  27  29  31  33  35  36  38  40  42  44  46  47  49  51  53  54  56  58  60  62  64  66  67  69  71  73  74  77  78  80  82  84  85  87  89  91  93  95  96  98 100 102 104 105 107 109 111
 25  27  29  31  32  34  36  38  40  41  43  45  47  49  51  52  54  56  58  59  62  63  65  67  69  71  72  74  76  78  80  82  83  85  87  89  90  92  94  96  98 100 101 103 105 107 109 110 112 114
 28  30  32  34  36  37  39  41  43  45  47  48  50  52  54  56  57  59  61  63  65  67  68  70  72  74  76  77  79  81  83  85  87  88  90  92  94  95  97  99 101 103 105 106 108 110 112 114 115 117
 32  34  36  38  39  41  43  45  47  48  50  52  54  56  58  59  61  63  65  66  69  70  72  74  76  78  79  81  83  85  87  89  90  92  94  96  97  99 101 103 105 107 108 110 112 114 116 117 119 121
 36  37  39  41  43  44  46  48  50  52  54  56  57  59  61  63  64  66  68  70  72  74  75  77  79  81  83  84  86  88  90  92  94  95  97  99 101 102 104 106 108 110 112 113 115 117 119 121 122 124
 39  41  42  44  46  48  49  51  53  55  57  59  60  62  64  66  68  69  71  73  75  77  79  80  82  84  86  88  89  91  93  95  97  99 100 102 104 106 107 109 111 113 115 117 118 120 122 124 126 127
 42  44  46  47  49  51  53  55  56  58  60  62  64  66  67  69  71  73  74  76  78  80  82  84  85  87  89  91  93  94  96  98 100 102 104 105 107 109 111 112 115 116 118 120 122 123 125 127 129 131
 45  47  49  51  52  54  56  58  60  61  63  65  67  69  71  72  74  76  78  79  81  83  85  87  89  90  92  94  96  98 100 101 103 105 107 109 110 112 114 116 118 120 121 123 125 127 129 130 132 134
 48  50  52  54  56  57  59  61  63  65  67  68  70  72  74  76  77  79  81  83  85  86  88  90  92  94  95  97  99 101 103 105 106 108 110 112 114 115 117 119 121 123 125 126 128 130 132 134 135 137
 52  53  55  57  59  61  62  64  66  68  70  72  73  75  77  79  80  82  84  86  88  90  91  93  95  97  99 100 102 104 106 108 110 111 113 115 117 119 120 122 124 126 128 130 131 133 135 137 139 140
 55  57  58  60  62  64  66  67  69  71  73  75  77  78  80  82  84  86  87  89  91  93  95  97  98 100 102 104 105 107 109 111 113 115 117 118 120 122 124 125 128 129 131 133 135 136 138 140 142 144
 58  60  62  63  65  67  69  71  72  74  76  78  80  82  83  85  87  89  90  92  94  96  98 100 102 103 105 107 109 110 113 114 116 118 120 122 123 125 127 129 131 133 134 136 138 140 141 143 145 147
 61  63  65  67  68  70  72  74  76  77  79  81  83  85  87  88  90  92  94  96  98  99 101 103 105 107 108 110 112 114 116 118 119 121 123 125 127 128 130 132 134 136 138 139 141 143 145 146 148 150
 65  67  69  70  72  74  76  78  79  81  83  85  87  89  90  92  94  96  98  99 101 103 105 107 109 110 112 114 116 117 120 121 123 125 127 129 130 132 134 136 138 140 141 143 145 147 148 150 152 154
 68  70  72  74  75  77  79  81  83  84  87  88  90  92  94  95  97  99 101 103 105 107 108 110 112 114 115 117 119 121 123 125 126 128 130 132 134 135 137 139 141 143 145 146 148 150 152 153 155 157
 72  73  75  77  79  80  82  84  86  88  90  92  93  95  97  99 100 102 104 106 108 110 112 113 115 117 119 120 122 124 126 128 130 131 133 135 137 139 140 142 144 146 148 150 151 153 155 157 158 160
 75  77  78  80  82  84  85  87  89  91  93  95  97  98 100 102 104 106 107 109 111 113 115 117 118 120 122 124 125 127 129 131 133 135 136 138 140 142 144 145 147 149 151 153 155 156 158 160 162 163
 78  80  82  83  85  87  89  91  92  94  96  98 100 102 103 105 107 109 111 112 114 116 118 120 121 123 125 127 129 130 132 134 136 138 140 141 143 145 147 149 151 152 154 156 158 160 161 163 165 167
 81  83  85  87  88  90  92  94  96  97  99 101 103 105 107 108 110 112 114 116 118 119 121 123 125 126 128 130 132 134 136 137 139 141 143 145 146 148 150 152 154 156 157 159 161 163 165 166 168 170
 85  86  88  90  92  93  95  97  99 101 103 104 106 108 110 112 113 115 117 119 121 123 124 126 128 130 132 133 135 137 139 141 142 144 146 148 150 151 153 155 157 159 161 162 164 166 168 170 171 173
 88  90  91  93  95  97  98 100 102 104 106 108 109 111 113 115 117 118 120 122 124 126 128 129 131 133 135 137 138 140 142 144 146 148 149 151 153 155 156 158 160 162 164 166 168 169 171 173 175 176
 91  93  95  96  98 100 102 103 105 107 109 111 113 114 116 118 120 122 123 125 127 129 131 133 134 136 138 140 142 143 145 147 149 151 153 154 156 158 160 161 164 165 167 169 171 173 174 176 178 180
 94  96  98 100 101 103 105 107 108 110 112 114 116 118 119 121 123 125 127 128 130 132 134 136 138 139 141 143 145 147 149 150 152 154 156 158 159 161 163 165 167 169 170 172 174 176 178 179 181 183
 98 100 102 103 105 107 109 110 112 114 116 118 120 121 123 125 127 129 130 132 134 136 138 140 141 143 145 147 149 150 153 154 156 158 160 161 163 165 167 168 171 172 174 176 178 180 181 183 185 187
101 103 105 107 108 110 112 114 115 117 119 121 123 125 126 128 130 132 134 135 138 139 141 143 145 146 148 150 152 154 156 158 159 161 163 165 166 168 170 172 174 176 177 179 181 183 185 186 188 190
104 106 108 110 112 113 115 117 119 120 123 124 126 128 130 131 133 135 137 139 141 143 144 146 148 150 151 153 155 157 159 161 163 164 166 168 170 171 173 175 177 179 181 182 184 186 188 190 191 193
108 109 111 113 115 117 118 120 122 124 126 128 129 131 133 135 136 138 140 142 144 146 148 149 151 153 155 157 158 160 162 164 166 168 169 171 173 175 176 178 180 182 184 186 187 189 191 193 195 196
111 113 114 116 118 120 122 123 125 127 129 131 133 134 136 138 140 142 143 145 147 149 151 153 154 156 158 160 162 163 165 167 169 171 173 174 176 178 180 181 183 185 187 189 191 192 194 196 198 200
114 116 118 119 121 123 125 127 128 130 132 134 136 138 139 141 143 145 147 148 150 152 154 156 158 159 161 163 165 167 169 170 172 174 176 178 179 181 183 185 187 188 190 192 194 196 197 199 201 203
117 119 121 123 125 126 128 130 132 133 136 137 139 141 143 144 146 148 150 152 154 155 157 159 161 163 164 166 168 170 172 174 175 177 179 181 182 184 186 188 190 192 193 195 197 199 201 202 204 206
121 122 124 126 128 130 131 133 135 137 139 141 142 144 146 148 149 151 153 155 157 159 160 162 164 166 168 169 171 173 175 177 179 180 182 184 186 188 189 191 193 195 197 199 200 202 204 206 207 209
124 126 127 129 131 133 135 136 138 140 142 144 146 147 149 151 153 154 156 158 160 162 164 165 167 169 171 173 174 176 178 180 182 184 185 187 189 191 193 194 196 198 200 202 204 205 207 209 211 212
127 129 131 132 134 136 138 140 141 143 145 147 149 151 152 154 156 158 159 161 163 165 167 169 170 172 174 176 178 179 181 183 185 187 189 190 192 194 196 198 200 201 203 205 207 209 210 212 214 216
131 133 134 136 138 140 142 143 145 147 149 151 153 154 156 158 160 161 163 165 167 169 171 172 174 176 178 180 181 183 185 187 189 191 192 194 196 198 200 201 203 205 207 209 211 212 214 216 218 219
134 136 138 139 141 143 145 147 148 150 152 154 156 158 159 161 163 165 166 168 170 172 174 176 177 179 181 183 185 186 189 190 192 194 196 197 199 201 203 205 207 208 210 212 214 216 217 219 221 223
137 139 141 143 144 146 148 150 152 153 155 157 159 161 163 164 166 168 170 171 174 175 177 179 181 182 184 186 188 190 192 194 195 197 199 201 202 204 206 208 210 212 214 215 217 219 221 222 224 226
140 142 144 146 148 149 151 153 155 157 159 160 162 164 166 168 169 171 173 175 177 179 180 182 184 186 187 189 191 193 195 197 199 200 202 204 206 208 209 211 213 215 217 219 220 222 224 226 227 229
144 145 147 149 151 153 154 156 158 160 162 164 165 167 169 171 173 174 176 178 180 182 184 185 187 189 191 193 194 196 198 200 202 204 205 207 209 211 213 214 216 218 220 222 224 225 227 229 231 232
147 149 150 152 154 156 158 159 161 163 165 167 169 170 172 174 176 178 179 181 183 185 187 189 190 192 194 196 198 199 201 203 205 207 209 210 212 214 216 218 220 221 223 225 227 229 230 232 234 236
150 152 154 155 157 159 161 163 164 166 168 170 172 174 176 177 179 181 183 184 187 188 190 192 194 195 197 199 201 203 205 206 208 210 212 214 215 217 219 221 223 225 226 228 230 232 234 235 237 239
153 155 157 159 161 162 164 166 168 169 172 173 175 177 179 181 182 184 186 188 190 192 193 195 197 199 200 202 204 206 208 210 211 213 215 217 219 220 222 224 226 228 230 231 233 235 237 238 240 242
157 158 160 162 164 166 167 169 171 173 175 177 178 180 182 184 186 187 189 191 193 195 197 198 200 202 204 205 207 209 211 213 215 216 218 220 222 224 225 227 229 231 233 235 236 238 240 242 243 245
160 162 163 165 167 169 171 172 174 176 178 180 182 183 185 187 189 191 192 194 196 198 200 202 203 205 207 209 210 212 214 216 218 220 221 223 225 227 229 230 232 234 236 238 240 241 243 245 247 248
