(0,0,0) (5,0,2) (10,0,5) (15,0,7) (20,0,10) (25,0,12) (30,0,15) (35,0,17) (40,0,20) (45,0,22) (51,0,25) (56,0,28) (61,0,30) (66,0,33) (71,0,35) (76,0,38) (81,0,40) (86,0,43) (91,0,45) (96,0,48) (102,0,51) (107,0,53) (112,0,56) (117,0,58) (122,0,61) (127,0,63) (132,0,66) (137,0,68) (142,0,71) (147,0,73) (153,0,76) (158,0,79) (163,0,81) (168,0,84) (173,0,86) (178,0,89) (183,0,91) (188,0,94) (193,0,96) (198,0,99) (204,0,102) (209,0,104) (214,0,107) (219,0,109) (224,0,112) (229,0,114) (234,0,117) (239,0,119) (244,0,122) (249,0,124)
(0,5,2) (5,5,5) (10,5,7) (15,5,10) (20,5,12) (25,5,15) (30,5,17) (35,5,20) (40,5,22) (45,5,25) (51,5,28) (56,5,30) (61,5,33) (66,5,35) (71,5,38) (76,5,40) (81,5,43) (86,5,45) (91,5,48) (96,5,51) (102,5,53) (107,5,56) (112,5,58) (117,5,61) (122,5,63) (127,5,66) (132,5,68) (137,5,71) (142,5,73) (147,5,76) (153,5,79) (158,5,81) (163,5,84) (168,5,86) (173,5,89) (178,5,91) (183,5,94) (188,5,96) (193,5,99) (198,5,102) (204,5,104) (209,5,107) (214,5,109) (219,5,112) (224,5,114) (229,5,117) (234,5,119) (239,5,122) (244,5,124) (249,5,127)
(0,10,5) (5,10,7) (10,10,10) (15,10,12) (20,10,15) (25,10,17) (30,10,20) (35,10,22) (40,10,25) (45,10,28) (51,10,30) (56,10,33) (61,10,35) (66,10,38) (71,10,40) (76,10,43) (81,10,45) (86,10,48) (91,10,51) (96,10,53) (102,10,56) (107,10,58) (112,10,61) (117,10,63) (122,10,66) (127,10,68) (132,10,71) (137,10,73) (142,10,76) (147,10,79) (153,10,81) (158,10,84) (163,10,86) (168,10,89) (173,10,91) (178,10,94) (183,10,96) (188,10,99) (193,10,102) (198,10,104) (204,10,107) (209,10,109) (214,10,112) (219,10,114) (224,10,117) (229,10,119) (234,10,122) (239,10,124) (244,10,127) (249,10,130)
(0,15,7) (5,15,10) (10,15,12) (15,15,15) (20,15,17) (25,15,20) (30,15,22) (35,15,25) (40,15,28) (45,15,30) (51,15,33) (56,15,35) (61,15,38) (66,15,40) (71,15,43) (76,15,45) (81,15,48) (86,15,51) (91,15,53) (96,15,56) (102,15,58) (107,15,61) (112,15,63) (117,15,66) (122,15,68) (127,15,71) (132,15,73) (137,15,76) (142,15,79) (147,15,81) (153,15,84) (158,15,86) (163,15,89) (168,15,91) (173,15,94) (178,15,96) (183,15,99) (188,15,102) (193,15,104) (198,15,107) (204,15,109) (209,15,112) (214,15,114) (219,15,117) (224,15,119) (229,15,122) (234,15,124) (239,15,127) (244,15,130) (249,15,132)
(0,20,10) (5,20,12) (10,20,15) (15,20,17) (20,20,20) (25,20,22) (30,20,25) (35,20,28) (40,20,30) (45,20,33) (51,20,35) (56,20,38) (61,20,40) (66,20,43) (71,20,45) (76,20,48) (81,20,51) (86,20,53) (91,20,56) (96,20,58) (102,20,61) (107,20,63) (112,20,66) (117,20,68) (122,20,71) (127,20,73) (132,20,76) (137,20,79) (142,20,81) (147,20,84) (153,20,86) (158,20,89) (163,20,91) (168,20,94) (173,20,96) (178,20,99) (183,20,102) (188,20,104) (193,20,107) (198,20,109) (204,20,112) (209,20,114) (214,20,117) (219,20,119) (224,20,122) (229,20,124) (234,20,127) (239,20,130) (244,20,132) (249,20,135)
(0,25,12) (5,25,15) (10,25,17) (15,25,20) (20,25,22) (25,25,25) (30,25,28) (35,25,30) (40,25,33) (45,25,35) (51,25,38) (56,25,40) (61,25,43) (66,25,45) (71,25,48) (76,25,51) (81,25,53) (86,25,56) (91,25,58) (96,25,61) (102,25,63) (107,25,66) (112,25,68) (117,25,71) (122,25,73) (127,25,76) (132,25,79) (137,25,81) (142,25,84) (147,25,86) (153,25,89) (158,25,91) (163,25,94) (168,25,96) (173,25,99) (178,25,102) (183,25,104) (188,25,107) (193,25,109) (198,25,112) (204,25,114) (209,25,117) (214,25,119) (219,25,122) (224,25,124) (229,25,127) (234,25,130) (239,25,132) (244,25,135) (249,25,137)
(0,30,15) (5,30,17) (10,30,20) (15,30,22) (20,30,25) (25,30,28) (30,30,30) (35,30,33) (40,30,35) (45,30,38) (51,30,40) (56,30,43) (61,30,45) (66,30,48) (71,30,51) (76,30,53) (81,30,56) (86,30,58) (91,30,61) (96,30,63) (102,30,66) (107,30,68) (112,30,71) (117,30,73) (122,30,76) (127,30,79) (132,30,81) (137,30,84) (142,30,86) (147,30,89) (153,30,91) (158,30,94) (163,30,96) (168,30,99) (173,30,102) (178,30,104) (183,30,107) (188,30,109) (193,30,112) (198,30,114) (204,30,117) (209,30,119) (214,30,122) (219,30,124) (224,30,127) (229,30,130) (234,30,132) (239,30,135) (244,30,137) (249,30,140)
(0,35,17) (5,35,20) (10,35,22) (15,35,25) (20,35,28) (25,35,30) (30,35,33) (35,35,35) (40,35,38) (45,35,40) (51,35,43) (56,35,45) (61,35,48) (66,35,51) (71,35,53) (76,35,56) (81,35,58) (86,35,61) (91,35,63) (96,35,66) (102,35,68) (107,35,71) (112,35,73) (117,35,76) (122,35,79) (127,35,81) (132,35,84) (137,35,86) (142,35,89) (147,35,91) (153,35,94) (158,35,96) (163,35,99) (168,35,102) (173,35,104) (178,35,107) (183,35,109) (188,35,112) (193,35,114) (198,35,117) (204,35,119) (209,35,122) (214,35,124) (219,35,127) (224,35,130) (229,35,132) (234,35,135) (239,35,137) (244,35,140) (249,35,142)
(0,40,20) (5,40,22) (10,40,25) (15,40,28) (20,40,30) (25,40,33) (30,40,35) (35,40,38) (40,40,40) (45,40,43) (51,40,45) (56,40,48) (61,40,51) (66,40,53) (71,40,56) (76,40,58) (81,40,61) (86,40,63) (91,40,66) (96,40,68) (102,40,71) (107,40,73) (112,40,76) (117,40,79) (122,40,81) (127,40,84) (132,40,86) (137,40,89) (142,40,91) (147,40,94) (153,40,96) (158,40,99) (163,40,102) (168,40,104) (173,40,107) (178,40,109) (183,40,112) (188,40,114) (193,40,117) (198,40,119) (204,40,122) (209,40,124) (214,40,127) (219,40,130) (224,40,132) (229,40,135) (234,40,137) (239,40,140) (244,40,142) (249,40,145)
(0,45,22) (5,45,25) (10,45,28) (15,45,30) (20,45,33) (25,45,35) (30,45,38) (35,45,40) (40,45,43) (45,45,45) (51,45,48) (56,45,51) (61,45,53) (66,45,56) (71,45,58) (76,45,61) (81,45,63) (86,45,66) (91,45,68) (96,45,71) (102,45,73) (107,45,76) (112,45,79) (117,45,81) (122,45,84) (127,45,86) (132,45,89) (137,45,91) (142,45,94) (147,45,96) (153,45,99) (158,45,102) (163,45,104) (168,45,107) (173,45,109) (178,45,112) (183,45,114) (188,45,117) (193,45,119) (198,45,122) (204,45,124) (209,45,127) (214,45,130) (219,45,132) (224,45,135) (229,45,137) (234,45,140) (239,45,142) (244,45,145) (249,45,147)
(0,51,25) (5,51,28) (10,51,30) (15,51,33) (20,51,35) (25,51,38) (30,51,40) (35,51,43) (40,51,45) (45,51,48) (51,51,51) (56,51,53) (61,51,56) (66,51,58) (71,51,61) (76,51,63) (81,51,66) (86,51,68) (91,51,71) (96,51,73) (102,51,76) (107,51,79) (112,51,81) (117,51,84) (122,51,86) (127,51,89) (132,51,91) (137,51,94) (142,51,96) (147,51,99) (153,51,102) (158,51,104) (163,51,107) (168,51,109) (173,51,112) (178,51,114) (183,51,117) (188,51,119) (193,51,122) (198,51,124) (204,51,127) (209,51,130) (214,51,132) (219,51,135) (224,51,137) (229,51,140) (234,51,142) (239,51,145) (244,51,147) (249,51,150)
(0,56,28) (5,56,30) (10,56,33) (15,56,35) (20,56,38) (25,56,40) (30,56,43) (35,56,45) (40,56,48) (45,56,51) (51,56,53) (56,56,56) (61,56,58) (66,56,61) (71,56,63) (76,56,66) (81,56,68) (86,56,71) (91,56,73) (96,56,76) (102,56,79) (107,56,81) (112,56,84) (117,56,86) (122,56,89) (127,56,91) (132,56,94) (137,56,96) (142,56,99) (147,56,102) (153,56,104) (158,56,107) (163,56,109) (168,56,112) (173,56,114) (178,56,117) (183,56,119) (188,56,122) (193,56,124) (198,56,127) (204,56,130) (209,56,132) (214,56,135) (219,56,137) (224,56,140) (229,56,142) (234,56,145) (239,56,147) (244,56,150) (249,56,153)
(0,61,30) (5,61,33) (10,61,35) (15,61,38) (20,61,40) (25,61,43) (30,61,45) (35,61,48) (40,61,51) (45,61,53) (51,61,56) (56,61,58) (61,61,61) (66,61,63) (71,61,66) (76,61,68) (81,61,71) (86,61,73) (91,61,76) (96,61,79) (102,61,81) (107,61,84) (112,61,86) (117,61,89) (122,61,91) (127,61,94) (132,61,96) (137,61,99) (142,61,102) (147,61,104) (153,61,107) (158,61,109) (163,61,112) (168,61,114) (173,61,117) (178,61,119) (183,61,122) (188,61,124) (193,61,127) (198,61,130) (204,61,132) (209,61,135) (214,61,137) (219,61,140) (224,61,142) (229,61,145) (234,61,147) (239,61,150) (244,61,153) (249,61,155)
(0,66,33) (5,66,35) (10,66,38) (15,66,40) (20,66,43) (25,66,45) (30,66,48) (35,66,51) (40,66,53) (45,66,56) (51,66,58) (56,66,61) (61,66,63) (66,66,66) (71,66,68) (76,66,71) (81,66,73) (86,66,76) (91,66,79) (96,66,81) (102,66,84) (107,66,86) (112,66,89) (117,66,91) (122,66,94) (127,66,96) (132,66,99) (137,66,102) (142,66,104) (147,66,107) (153,66,109) (158,66,112) (163,66,114) (168,66,117) (173,66,119) (178,66,122) (183,66,124) (188,66,127) (193,66,130) (198,66,132) (204,66,135) (209,66,137) (214,66,140) (219,66,142) (224,66,145) (229,66,147) (234,66,150) (239,66,153) (244,66,155) (249,66,158)
(0,71,35) (5,71,38) (10,71,40) (15,71,43) (20,71,45) (25,71,48) (30,71,51) (35,71,53) (40,71,56) (45,71,58) (51,71,61) (56,71,63) (61,71,66) (66,71,68) (71,71,71) (76,71,73) (81,71,76) (86,71,79) (91,71,81) (96,71,84) (102,71,86) (107,71,89) (112,71,91) (117,71,94) (122,71,96) (127,71,99) (132,71,102) (137,71,104) (142,71,107) (147,71,109) (153,71,112) (158,71,114) (163,71,117) (168,71,119) (173,71,122) (178,71,124) (183,71,127) (188,71,130) (193,71,132) (198,71,135) (204,71,137) (209,71,140) (214,71,142) (219,71,145) (224,71,147) (229,71,150) (234,71,153) (239,71,155) (244,71,158) (249,71,160)
(0,76,38) (5,76,40) (10,76,43) (15,76,45) (20,76,48) (25,76,51) (30,76,53) (35,76,56) (40,76,58) (45,76,61) (51,76,63) (56,76,66) (61,76,68) (66,76,71) (71,76,73) (76,76,76) (81,76,79) (86,76,81) (91,76,84) (96,76,86) (102,76,89) (107,76,91) (112,76,94) (117,76,96) (122,76,99) (127,76,102) (132,76,104) (137,76,107) (142,76,109) (147,76,112) (153,76,114) (158,76,117) (163,76,119) (168,76,122) (173,76,124) (178,76,127) (183,76,130) (188,76,132) (193,76,135) (198,76,137) (204,76,140) (209,76,142) (214,76,145) (219,76,147) (224,76,150) (229,76,153) (234,76,155) (239,76,158) (244,76,160) (249,76,163)
(0,81,40) (5,81,43) (10,81,45) (15,81,48) (20,81,51) (25,81,53) (30,81,56) (35,81,58) (40,81,61) (45,81,63) (51,81,66) (56,81,68) (61,81,71) (66,81,73) (71,81,76) (76,81,79) (81,81,81) (86,81,84) (91,81,86) (96,81,89) (102,81,91) (107,81,94) (112,81,96) (117,81,99) (122,81,102) (127,81,104) (132,81,107) (137,81,109) (142,81,112) (147,81,114) (153,81,117) (158,81,119) (163,81,122) (168,81,124) (173,81,127) (178,81,130) (183,81,132) (188,81,135) (193,81,137) (198,81,140) (204,81,142) (209,81,145) (214,81,147) (219,81,150) (224,81,153) (229,81,155) (234,81,158) (239,81,160) (244,81,163) (249,81,165)
(0,86,43) (5,86,45) (10,86,48) (15,86,51) (20,86,53) (25,86,56) (30,86,58) (35,86,61) (40,86,63) (45,86,66) (51,86,68) (56,86,71) (61,86,73) (66,86,76) (71,86,79) (76,86,81) (81,86,84) (86,86,86) (91,86,89) (96,86,91) (102,86,94) (107,86,96) (112,86,99) (117,86,102) (122,86,104) (127,86,107) (132,86,109) (137,86,112) (142,86,114) (147,86,117) (153,86,119) (158,86,122) (163,86,124) (168,86,127) (173,86,130) (178,86,132) (183,86,135) (188,86,137) (193,86,140) (198,86,142) (204,86,145) (209,86,147) (214,86,150) (219,86,153) (224,86,155) (229,86,158) (234,86,160) (239,86,163) (244,86,165) (249,86,168)
(0,91,45) (5,91,48) (10,91,51) (15,91,53) (20,91,56) (25,91,58) (30,91,61) (35,91,63) (40,91,66) (45,91,68) (51,91,71) (56,91,73) (61,91,76) (66,91,79) (71,91,81) (76,91,84) (81,91,86) (86,91,89) (91,91,91) (96,91,94) (102,91,96) (107,91,99) (112,91,102) (117,91,104) (122,91,107) (127,91,109) (132,91,112) (137,91,114) (142,91,117) (147,91,119) (153,91,122) (158,91,124) (163,91,127) (168,91,130) (173,91,132) (178,91,135) (183,91,137) (188,91,140) (193,91,142) (198,91,145) (204,91,147) (209,91,150) (214,91,153) (219,91,155) (224,91,158) (229,91,160) (234,91,163) (239,91,165) (244,91,168) (249,91,170)
(0,96,48) (5,96,51) (10,96,53) (15,96,56) (20,96,58) (25,96,61) (30,96,63) (35,96,66) (40,96,68) (45,96,71) (51,96,73) (56,96,76) (61,96,79) (66,96,81) (71,96,84) (76,96,86) (81,96,89) (86,96,91) (91,96,94) (96,96,96) (102,96,99) (107,96,102) (112,96,104) (117,96,107) (122,96,109) (127,96,112) (132,96,114) (137,96,117) (142,96,119) (147,96,122) (153,96,124) (158,96,127) (163,96,130) (168,96,132) (173,96,135) (178,96,137) (183,96,140) (188,96,142) (193,96,145) (198,96,147) (204,96,150) (209,96,153) (214,96,155) (219,96,158) (224,96,160) (229,96,163) (234,96,165) (239,96,168) (244,96,170) (249,96,173)
(0,102,51) (5,102,53) (10,102,56) (15,102,58) (20,102,61) (25,102,63) (30,102,66) (35,102,68) (40,102,71) (45,102,73) (51,102,76) (56,102,79) (61,102,81) (66,102,84) (71,102,86) (76,102,89) (81,102,91) (86,102,94) (91,102,96) (96,102,99) (102,102,102) (107,102,104) (112,102,107) (117,102,109) (122,102,112) (127,102,114) (132,102,117) (137,102,119) (142,102,122) (147,102,124) (153,102,127) (158,102,130) (163,102,132) (168,102,135) (173,102,137) (178,102,140) (183,102,142) (188,102,145) (193,102,147) (198,102,150) (204,102,153) (209,102,155) (214,102,158) (219,102,160) (224,102,163) (229,102,165) (234,102,168) (239,102,170) (244,102,173) (249,102,175)
(0,107,53) (5,107,56) (10,107,58) (15,107,61) (20,107,63) (25,107,66) (30,107,68) (35,107,71) (40,107,73) (45,107,76) (51,107,79) (56,107,81) (61,107,84) (66,107,86) (71,107,89) (76,107,91) (81,107,94) (86,107,96) (91,107,99) (96,107,102) (102,107,104) (107,107,107) (112,107,109) (117,107,112) (122,107,114) (127,107,117) (132,107,119) (137,107,122) (142,107,124) (147,107,127) (153,107,130) (158,107,132) (163,107,135) (168,107,137) (173,107,140) (178,107,142) (183,107,145) (188,107,147) (193,107,150) (198,107,153) (204,107,155) (209,107,158) (214,107,160) (219,107,163) (224,107,165) (229,107,168) (234,107,170) (239,107,173) (244,107,175) (249,107,178)
(0,112,56) (5,112,58) (10,112,61) (15,112,63) (20,112,66) (25,112,68) (30,112,71) (35,112,73) (40,112,76) (45,112,79) (51,112,81) (56,112,84) (61,112,86) (66,112,89) (71,112,91) (76,112,94) (81,112,96) (86,112,99) (91,112,102) (96,112,104) (102,112,107) (107,112,109) (112,112,112) (117,112,114) (122,112,117) (127,112,119) (132,112,122) (137,112,124) (142,112,127) (147,112,130) (153,112,132) (158,112,135) (163,112,137) (168,112,140) (173,112,142) (178,112,145) (183,112,147) (188,112,150) (193,112,153) (198,112,155) (204,112,158) (209,112,160) (214,112,163) (219,112,165) (224,112,168) (229,112,170) (234,112,173) (239,112,175) (244,112,178) (249,112,181)
(0,117,58) (5,117,61) (10,117,63) (15,117,66) (20,117,68) (25,117,71) (30,117,73) (35,117,76) (40,117,79) (45,117,81) (51,117,84) (56,117,86) (61,117,89) (66,117,91) (71,117,94) (76,117,96) (81,117,99) (86,117,102) (91,117,104) (96,117,107) (102,117,109) (107,117,112) (112,117,114) (117,117,117) (122,117,119) (127,117,122) (132,117,124) (137,117,127) (142,117,130) (147,117,132) (153,117,135) (158,117,137) (163,117,140) (168,117,142) (173,117,145) (178,117,147) (183,117,150) (188,117,153) (193,117,155) (198,117,158) (204,117,160) (209,117,163) (214,117,165) (219,117,168) (224,117,170) (229,117,173) (234,117,175) (239,117,178) (244,117,181) (249,117,183)
(0,122,61) (5,122,63) (10,122,66) (15,122,68) (20,122,71) (25,122,73) (30,122,76) (35,122,79) (40,122,81) (45,122,84) (51,122,86) (56,122,89) (61,122,91) (66,122,94) (71,122,96) (76,122,99) (81,122,102) (86,122,104) (91,122,107) (96,122,109) (102,122,112) (107,122,114) (112,122,117) (117,122,119) (122,122,122) (127,122,124) (132,122,127) (137,122,130) (142,122,132) (147,122,135) (153,122,137) (158,122,140) (163,122,142) (168,122,145) (173,122,147) (178,122,150) (183,122,153) (188,122,155) (193,122,158) (198,122,160) (204,122,163) (209,122,165) (214,122,168) (219,122,170) (224,122,173) (229,122,175) (234,122,178) (239,122,181) (244,122,183) (249,122,186)
(0,127,63) (5,127,66) (10,127,68) (15,127,71) (20,127,73) (25,127,76) (30,127,79) (35,127,81) (40,127,84) (45,127,86) (51,127,89) (56,127,91) (61,127,94) (66,127,96) (71,127,99) (76,127,102) (81,127,104) (86,127,107) (91,127,109) (96,127,112) (102,127,114) (107,127,117) (112,127,119) (117,127,122) (122,127,124) (127,127,127) (132,127,130) (137,127,132) (142,127,135) (147,127,137) (153,127,140) (158,127,142) (163,127,145) (168,127,147) (173,127,150) (178,127,153) (183,127,155) (188,127,158) (193,127,160) (198,127,163) (204,127,165) (209,127,168) (214,127,170) (219,127,173) (224,127,175) (229,127,178) (234,127,181) (239,127,183) (244,127,186) (249,127,188)
(0,132,66) (5,132,68) (10,132,71) (15,132,73) (20,132,76) (25,132,79) (30,132,81) (35,132,84) (40,132,86) (45,132,89) (51,132,91) (56,132,94) (61,132,96) (66,132,99) (71,132,102) (76,132,104) (81,132,107) (86,132,109) (91,132,112) (96,132,114) (102,132,117) (107,132,119) (112,132,122) (117,132,124) (122,132,127) (127,132,130) (132,132,132) (137,132,135) (142,132,137) (147,132,140) (153,132,142) (158,132,145) (163,132,147) (168,132,150) (173,132,153) (178,132,155) (183,132,158) (188,132,160) (193,132,163) (198,132,165) (204,132,168) (209,132,170) (214,132,173) (219,132,175) (224,132,178) (229,132,181) (234,132,183) (239,132,186) (244,132,188) (249,132,191)
(0,137,68) (5,137,71) (10,137,73) (15,137,76) (20,137,79) (25,137,81) (30,137,84) (35,137,86) (40,137,89) (45,137,91) (51,137,94) (56,137,96) (61,137,99) (66,137,102) (71,137,104) (76,137,107) (81,137,109) (86,137,112) (91,137,114) (96,137,117) (102,137,119) (107,137,122) (112,137,124) (117,137,127) (122,137,130) (127,137,132) (132,137,135) (137,137,137) (142,137,140) (147,137,142) (153,137,145) (158,137,147) (163,137,150) (168,137,153) (173,137,155) (178,137,158) (183,137,160) (188,137,163) (193,137,165) (198,137,168) (204,137,170) (209,137,173) (214,137,175) (219,137,178) (224,137,181) (229,137,183) (234,137,186) (239,137,188) (244,137,191) (249,137,193)
(0,142,71) (5,142,73) (10,142,76) (15,142,79) (20,142,81) (25,142,84) (30,142,86) (35,142,89) (40,142,91) (45,142,94) (51,142,96) (56,142,99) (61,142,102) (66,142,104) (71,142,107) (76,142,109) (81,142,112) (86,142,114) (91,142,117) (96,142,119) (102,142,122) (107,142,124) (112,142,127) (117,142,130) (122,142,132) (127,142,135) (132,142,137) (137,142,140) (142,142,142) (147,142,145) (153,142,147) (158,142,150) (163,142,153) (168,142,155) (173,142,158) (178,142,160) (183,142,163) (188,142,165) (193,142,168) (198,142,170) (204,142,173) (209,142,175) (214,142,178) (219,142,181) (224,142,183) (229,142,186) (234,142,188) (239,142,191) (244,142,193) (249,142,196)
(0,147,73) (5,147,76) (10,147,79) (15,147,81) (20,147,84) (25,147,86) (30,147,89) (35,147,91) (40,147,94) (45,147,96) (51,147,99) (56,147,102) (61,147,104) (66,147,107) (71,147,109) (76,147,112) (81,147,114) (86,147,117) (91,147,119) (96,147,122) (102,147,124) (107,147,127) (112,147,130) (117,147,132) (122,147,135) (127,147,137) (132,147,140) (137,147,142) (142,147,145) (147,147,147) (153,147,150) (158,147,153) (163,147,155) (168,147,158) (173,147,160) (178,147,163) (183,147,165) (188,147,168) (193,147,170) (198,147,173) (204,147,175) (209,147,178) (214,147,181) (219,147,183) (224,147,186) (229,147,188) (234,147,191) (239,147,193) (244,147,196) (249,147,198)
(0,153,76) (5,153,79) (10,153,81) (15,153,84) (20,153,86) (25,153,89) (30,153,91) (35,153,94) (40,153,96) (45,153,99) (51,153,102) (56,153,104) (61,153,107) (66,153,109) (71,153,112) (76,153,114) (81,153,117) (86,153,119) (91,153,122) (96,153,124) (102,153,127) (107,153,130) (112,153,132) (117,153,135) (122,153,137) (127,153,140) (132,153,142) (137,153,145) (142,153,147) (147,153,150) (153,153,153) (158,153,155) (163,153,158) (168,153,160) (173,153,163) (178,153,165) (183,153,168) (188,153,170) (193,153,173) (198,153,175) (204,153,178) (209,153,181) (214,153,183) (219,153,186) (224,153,188) (229,153,191) (234,153,193) (239,153,196) (244,153,198) (249,153,201)
(0,158,79) (5,158,81) (10,158,84) (15,158,86) (20,158,89) (25,158,91) (30,158,94) (35,158,96) (40,158,99) (45,158,102) (51,158,104) (56,158,107) (61,158,109) (66,158,112) (71,158,114) (76,158,117) (81,158,119) (86,158,122) (91,158,124) (96,158,127) (102,158,130) (107,158,132) (112,158,135) (117,158,137) (122,158,140) (127,158,142) (132,158,145) (137,158,147) (142,158,150) (147,158,153) (153,158,155) (158,158,158) (163,158,160) (168,158,163) (173,158,165) (178,158,168) (183,158,170) (188,158,173) (193,158,175) (198,158,178) (204,158,181) (209,158,183) (214,158,186) (219,158,188) (224,158,191) (229,158,193) (234,158,196) (239,158,198) (244,158,201) (249,158,204)
(0,163,81) (5,163,84) (10,163,86) (15,163,89) (20,163,91) (25,163,94) (30,163,96) (35,163,99) (40,163,102) (45,163,104) (51,163,107) (56,163,109) (61,163,112) (66,163,114) (71,163,117) (76,163,119) (81,163,122) (86,163,124) (91,163,127) (96,163,130) (102,163,132) (107,163,135) (112,163,137) (117,163,140) (122,163,142) (127,163,145) (132,163,147) (137,163,150) (142,163,153) (147,163,155) (153,163,158) (158,163,160) (163,163,163) (168,163,165) (173,163,168) (178,163,170) (183,163,173) (188,163,175) (193,163,178) (198,163,181) (204,163,183) (209,163,186) (214,163,188) (219,163,191) (224,163,193) (229,163,196) (234,163,198) (239,163,201) (244,163,204) (249,163,206)
(0,168,84) (5,168,86) (10,168,89) (15,168,91) (20,168,94) (25,168,96) (30,168,99) (35,168,102) (40,168,104) (45,168,107) (51,168,109) (56,168,112) (61,168,114) (66,168,117) (71,168,119) (76,168,122) (81,168,124) (86,168,127) (91,168,130) (96,168,132) (102,168,135) (107,168,137) (112,168,140) (117,168,142) (122,168,145) (127,168,147) (132,168,150) (137,168,153) (142,168,155) (147,168,158) (153,168,160) (158,168,163) (163,168,165) (168,168,168) (173,168,170) (178,168,173) (183,168,175) (188,168,178) (193,168,181) (198,168,183) (204,168,186) (209,168,188) (214,168,191) (219,168,193) (224,168,196) (229,168,198) (234,168,201) (239,168,204) (244,168,206) (249,168,209)
(0,173,86) (5,173,89) (10,173,91) (15,173,94) (20,173,96) (25,173,99) (30,173,102) (35,173,104) (40,173,107) (45,173,109) (51,173,112) (56,173,114) (61,173,117) (66,173,119) (71,173,122) (76,173,124) (81,173,127) (86,173,130) (91,173,132) (96,173,135) (102,173,137) (107,173,140) (112,173,142) (117,173,145) (122,173,147) (127,173,150) (132,173,153) (137,173,155) (142,173,158) (147,173,160) (153,173,163) (158,173,165) (163,173,168) (168,173,170) (173,173,173) (178,173,175) (183,173,178) (188,173,181) (193,173,183) (198,173,186) (204,173,188) (209,173,191) (214,173,193) (219,173,196) (224,173,198) (229,173,201) (234,173,204) (239,173,206) (244,173,209) (249,173,211)
(0,178,89) (5,178,91) (10,178,94) (15,178,96) (20,178,99) (25,178,102) (30,178,104) (35,178,107) (40,178,109) (45,178,112) (51,178,114) (56,178,117) (61,178,119) (66,178,122) (71,178,124) (76,178,127) (81,178,130) (86,178,132) (91,178,135) (96,178,137) (102,178,140) (107,178,142) (112,178,145) (117,178,147) (122,178,150) (127,178,153) (132,178,155) (137,178,158) (142,178,160) (147,178,163) (153,178,165) (158,178,168) (163,178,170) (168,178,173) (173,178,175) (178,178,178) (183,178,181) (188,178,183) (193,178,186) (198,178,188) (204,178,191) (209,178,193) (214,178,196) (219,178,198) (224,178,201) (229,178,204) (234,178,206) (239,178,209) (244,178,211) (249,178,214)
(0,183,91) (5,183,94) (10,183,96) (15,183,99) (20,183,102) (25,183,104) (30,183,107) (35,183,109) (40,183,112) (45,183,114) (51,183,117) (56,183,119) (61,183,122) (66,183,124) (71,183,127) (76,183,130) (81,183,132) (86,183,135) (91,183,137) (96,183,140) (102,183,142) (107,183,145) (112,183,147) (117,183,150) (122,183,153) (127,183,155) (132,183,158) (137,183,160) (142,183,163) (147,183,165) (153,183,168) (158,183,170) (163,183,173) (168,183,175) (173,183,178) (178,183,181) (183,183,183) (188,183,186) (193,183,188) (198,183,191) (204,183,193) (209,183,196) (214,183,198) (219,183,201) (224,183,204) (229,183,206) (234,183,209) (239,183,211) (244,183,214) (249,183,216)
(0,188,94) (5,188,96) (10,188,99) (15,188,102) (20,188,104) (25,188,107) (30,188,109) (35,188,112) (40,188,114) (45,188,117) (51,188,119) (56,188,122) (61,188,124) (66,188,127) (71,188,130) (76,188,132) (81,188,135) (86,188,137) (91,188,140) (96,188,142) (102,188,145) (107,188,147) (112,188,150) (117,188,153) (122,188,155) (127,188,158) (132,188,160) (137,188,163) (142,188,165) (147,188,168) (153,188,170) (158,188,173) (163,188,175) (168,188,178) (173,188,181) (178,188,183) (183,188,186) (188,188,188) (193,188,191) (198,188,193) (204,188,196) (209,188,198) (214,188,201) (219,188,204) (224,188,206) (229,188,209) (234,188,211) (239,188,214) (244,188,216) (249,188,219)
(0,193,96) (5,193,99) (10,193,102) (15,193,104) (20,193,107) (25,193,109) (30,193,112) (35,193,114) (40,193,117) (45,193,119) (51,193,122) (56,193,124) (61,193,127) (66,193,130) (71,193,132) (76,193,135) (81,193,137) (86,193,140) (91,193,142) (96,193,145) (102,193,147) (107,193,150) (112,193,153) (117,193,155) (122,193,158) (127,193,160) (132,193,163) (137,193,165) (142,193,168) (147,193,170) (153,193,173) (158,193,175) (163,193,178) (168,193,181) (173,193,183) (178,193,186) (183,193,188) (188,193,191) (193,193,193) (198,193,196) (204,193,198) (209,193,201) (214,193,204) (219,193,206) (224,193,209) (229,193,211) (234,193,214) (239,193,216) (244,193,219) (249,193,221)
(0,198,99) (5,198,102) (10,198,104) (15,198,107) (20,198,109) (25,198,112) (30,198,114) (35,198,117) (40,198,119) (45,198,122) (51,198,124) (56,198,127) (61,198,130) (66,198,132) (71,198,135) (76,198,137) (81,198,140) (86,198,142) (91,198,145) (96,198,147) (102,198,150) (107,198,153) (112,198,155) (117,198,158) (122,198,160) (127,198,163) (132,198,165) (137,198,168) (142,198,170) (147,198,173) (153,198,175) (158,198,178) (163,198,181) (168,198,183) (173,198,186) (178,198,188) (183,198,191) (188,198,193) (193,198,196) (198,198,198) (204,198,201) (209,198,204) (214,198,206) (219,198,209) (224,198,211) (229,198,214) (234,198,216) (239,198,219) (244,198,221) (249,198,224)
(0,204,102) (5,204,104) (10,204,107) (15,204,109) (20,204,112) (25,204,114) (30,204,117) (35,204,119) (40,204,122) (45,204,124) (51,204,127) (56,204,130) (61,204,132) (66,204,135) (71,204,137) (76,204,140) (81,204,142) (86,204,145) (91,204,147) (96,204,150) (102,204,153) (107,204,155) (112,204,158) (117,204,160) (122,204,163) (127,204,165) (132,204,168) (137,204,170) (142,204,173) (147,204,175) (153,204,178) (158,204,181) (163,204,183) (168,204,186) (173,204,188) (178,204,191) (183,204,193) (188,204,196) (193,204,198) (198,204,201) (204,204,204) (209,204,206) (214,204,209) (219,204,211) (224,204,214) (229,204,216) (234,204,219) (239,204,221) (244,204,224) (249,204,226)
(0,209,104) (5,209,107) (10,209,109) (15,209,112) (20,209,114) (25,209,117) (30,209,119) (35,209,122) (40,209,124) (45,209,127) (51,209,130) (56,209,132) (61,209,135) (66,209,137) (71,209,140) (76,209,142) (81,209,145) (86,209,147) (91,209,150) (96,209,153) (102,209,155) (107,209,158) (112,209,160) (117,209,163) (122,209,165) (127,209,168) (132,209,170) (137,209,173) (142,209,175) (147,209,178) (153,209,181) (158,209,183) (163,209,186) (168,209,188) (173,209,191) (178,209,193) (183,209,196) (188,209,198) (193,209,201) (198,209,204) (204,209,206) (209,209,209) (214,209,211) (219,209,214) (224,209,216) (229,209,219) (234,209,221) (239,209,224) (244,209,226) (249,209,229)
(0,214,107) (5,214,109) (10,214,112) (15,214,114) (20,214,117) (25,214,119) (30,214,122) (35,214,124) (40,214,127) (45,214,130) (51,214,132) (56,214,135) (61,214,137) (66,214,140) (71,214,142) (76,214,145) (81,214,147) (86,214,150) (91,214,153) (96,214,155) (102,214,158) (107,214,160) (112,214,163) (117,214,165) (122,214,168) (127,214,170) (132,214,173) (137,214,175) (142,214,178) (147,214,181) (153,214,183) (158,214,186) (163,214,188) (168,214,191) (173,214,193) (178,214,196) (183,214,198) (188,214,201) (193,214,204) (198,214,206) (204,214,209) (209,214,211) (214,214,214) (219,214,216) (224,214,219) (229,214,221) (234,214,224) (239,214,226) (244,214,229) (249,214,232)
(0,219,109) (5,219,112) (10,219,114) (15,219,117) (20,219,119) (25,219,122) (30,219,124) (35,219,127) (40,219,130) (45,219,132) (51,219,135) (56,219,137) (61,219,140) (66,219,142) (71,219,145) (76,219,147) (81,219,150) (86,219,153) (91,219,155) (96,219,158) (102,219,160) (107,219,163) (112,219,165) (117,219,168) (122,219,170) (127,219,173) (132,219,175) (137,219,178) (142,219,181) (147,219,183) (153,219,186) (158,219,188) (163,219,191) (168,219,193) (173,219,196) (178,219,198) (183,219,201) (188,219,204) (193,219,206) (198,219,209) (204,219,211) (209,219,214) (214,219,216) (219,219,219) (224,219,221) (229,219,224) (234,219,226) (239,219,229) (244,219,232) (249,219,234)
(0,224,112) (5,224,114) (10,224,117) (15,224,119) (20,224,122) (25,224,124) (30,224,127) (35,224,130) (40,224,132) (45,224,135) (51,224,137) (56,224,140) (61,224,142) (66,224,145) (71,224,147) (76,224,150) (81,224,153) (86,224,155) (91,224,158) (96,224,160) (102,224,163) (107,224,165) (112,224,168) (117,224,170) (122,224,173) (127,224,175) (132,224,178) (137,224,181) (142,224,183) (147,224,186) (153,224,188) (158,224,191) (163,224,193) (168,224,196) (173,224,198) (178,224,201) (183,224,204) (188,224,206) (193,224,209) (198,224,211) (204,224,214) (209,224,216) (214,224,219) (219,224,221) (224,224,224) (229,224,226) (234,224,229) (239,224,232) (244,224,234) (249,224,237)
(0,229,114) (5,229,117) (10,229,119) (15,229,122) (20,229,124) (25,229,127) (30,229,130) (35,229,132) (40,229,135) (45,229,137) (51,229,140) (56,229,142) (61,229,145) (66,229,147) (71,229,150) (76,229,153) (81,229,155) (86,229,158) (91,229,160) (96,229,163) (102,229,165) (107,229,168) (112,229,170) (117,229,173) (122,229,175) (127,229,178) (132,229,181) (137,229,183) (142,229,186) (147,229,188) (153,229,191) (158,229,193) (163,229,196) (168,229,198) (173,229,201) (178,229,204) (183,229,206) (188,229,209) (193,229,211) (198,229,214) (204,229,216) (209,229,219) (214,229,221) (219,229,224) (224,229,226) (229,229,229) (234,229,232) (239,229,234) (244,229,237) (249,229,239)
(0,234,117) (5,234,119) (10,234,122) (15,234,124) (20,234,127) (25,234,130) (30,234,132) (35,234,135) (40,234,137) (45,234,140) (51,234,142) (56,234,145) (61,234,147) (66,234,150) (71,234,153) (76,234,155) (81,234,158) (86,234,160) (91,234,163) (96,234,165) (102,234,168) (107,234,170) (112,234,173) (117,234,175) (122,234,178) (127,234,181) (132,234,183) (137,234,186) (142,234,188) (147,234,191) (153,234,193) (158,234,196) (163,234,198) (168,234,201) (173,234,204) (178,234,206) (183,234,209) (188,234,211) (193,234,214) (198,234,216) (204,234,219) (209,234,221) (214,234,224) (219,234,226) (224,234,229) (229,234,232) (234,234,234) (239,234,237) (244,234,239) (249,234,242)
(0,239,119) (5,239,122) (10,239,124) (15,239,127) (20,239,130) (25,239,132) (30,239,135) (35,239,137) (40,239,140) (45,239,142) (51,239,145) (56,239,147) (61,239,150) (66,239,153) (71,239,155) (76,239,158) (81,239,160) (86,239,163) (91,239,165) (96,239,168) (102,239,170) (107,239,173) (112,239,175) (117,239,178) (122,239,181) (127,239,183) (132,239,186) (137,239,188) (142,239,191) (147,239,193) (153,239,196) (158,239,198) (163,239,201) (168,239,204) (173,239,206) (178,239,209) (183,239,211) (188,239,214) (193,239,216) (198,239,219) (204,239,221) (209,239,224) (214,239,226) (219,239,229) (224,239,232) (229,239,234) (234,239,237) (239,239,239) (244,239,242) (249,239,244)
(0,244,122) (5,244,124) (10,244,127) (15,244,130) (20,244,132) (25,244,135) (30,244,137) (35,244,140) (40,244,142) (45,244,145) (51,244,147) (56,244,150) (61,244,153) (66,244,155) (71,244,158) (76,244,160) (81,244,163) (86,244,165) (91,244,168) (96,244,170) (102,244,173) (107,244,175) (112,244,178) (117,244,181) (122,244,183) (127,244,186) (132,244,188) (137,244,191) (142,244,193) (147,244,196) (153,244,198) (158,244,201) (163,244,204) (168,244,206) (173,244,209) (178,244,211) (183,244,214) (188,244,216) (193,244,219) (198,244,221) (204,244,224) (209,244,226) (214,244,229) (219,244,232) (224,244,234) (229,244,237) (234,244,239) (239,244,242) (244,244,244) (249,244,247)
(0,249,124) (5,249,127) (10,249,130) (15,249,132) (20,249,135) (25,249,137) (30,249,140) (35,249,142) (40,249,145) (45,249,147) (51,249,150) (56,249,153) (61,249,155) (66,249,158) (71,249,160) (76,249,163) (81,249,165) (86,249,168) (91,249,170) (96,249,173) (102,249,175) (107,249,178) (112,249,181) (117,249,183) (122,249,186) (127,249,188) (132,249,191) (137,249,193) (142,249,196) (147,249,198) (153,249,201) (158,249,204) (163,249,206) (168,249,209) (173,249,211) (178,249,214) (183,249,216) (188,249,219) (193,249,221) (198,249,224) (204,249,226) (209,249,229) (214,249,232) (219,249,234) (224,249,237) (229,249,239) (234,249,242) (239,249,244) (244,249,247) (249,249,249)
